514240545053425479451190791609195630457216392587438985947
5
1479607884393101743874241753034588039329382710968139847057
61461781522391530467443185978799063063018753979044141039
5
396506728041635066574502720819930509392272614068852293237
495159086698746635114193237062407503975361357278026656716
3
766281008573911898945336963634495470048421570294648615473
207335911964712824622834062245784459089581283426487632344
5
768438890842857355449867089157733479748672710969005649001
138197876427323369181370157170008930391367117351433953413
5
947982263991724858591017544835284791233333550279166270519